Nov	2023	8.95891	8.50551	8.92417	8.82076	-1.16%
Oct	2023	9.16067	8.88947	9.05085	8.92417	-1.40%
Sep	2023	9.23569	8.92495	9.02121	9.04631	0.28%
Aug	2023	9.26686	8.99130	9.02052	9.01788	-0.03%
Jul	2023	9.28834	8.94263	9.12513	9.01893	-1.16%
Jun	2023	9.46894	8.98107	9.44947	9.11976	-3.49%
May	2023	9.94984	9.39057	9.76784	9.44947	-3.26%
Apr	2023	10.0903	9.73585	9.81939	9.76703	-0.53%
Mar	2023	10.0736	9.51697	9.58927	9.83973	2.61%
Feb	2023	9.73157	9.40220	9.47771	9.58752	1.16%
Jan	2023	9.82993	9.35000	9.63658	9.47786	-1.65%
Dec	2022	9.82870	9.43854	9.64008	9.63658	-0.04%
Nov	2022	9.73117	9.27286	9.56047	9.63896	0.82%
Oct	2022	9.97823	9.43795	9.94781	9.55818	-3.92%
Sep	2022	9.99938	9.52483	9.67171	9.94978	2.88%
Aug	2022	10.0361	9.61098	9.93612	9.67202	-2.66%
Jul	2022	9.95029	9.41627	9.59781	9.93194	3.48%
Jun	2022	9.83119	9.34457	9.58416	9.60612	0.23%
May	2022	10.1105	9.55423	9.72840	9.58546	-1.47%
Apr	2022	9.96306	9.57557	9.94643	9.72840	-2.19%
Mar	2022	10.7313	9.80555	10.4894	9.95739	-5.07%
Feb	2022	10.5553	10.2937	10.4850	10.4902	0.05%
Jan	2022	10.5543	10.2887	10.3290	10.4853	1.51%
Dec	2021	10.5257	10.2849	10.4383	10.3288	-1.05%
Nov	2021	10.6136	10.2687	10.3273	10.4373	1.07%
Oct	2021	10.7589	10.2000	10.6300	10.3264	-2.86%
Sep	2021	10.8901	10.4911	10.5128	10.6300	1.11%
Aug	2021	10.8095	10.3683	10.4952	10.5098	0.14%
Jul	2021	10.5706	10.1483	10.1592	10.5052	3.41%
Jun	2021	10.3794	10.0986	10.1240	10.1643	0.40%
May	2021	10.4419	10.0855	10.2265	10.1261	-0.98%
Apr	2021	10.3995	10.1361	10.2088	10.2220	0.13%
Mar	2021	10.5817	10.1579	10.4662	10.2081	-2.47%
Feb	2021	10.6864	10.3922	10.6495	10.4691	-1.69%
Jan	2021	10.7472	10.4799	10.5507	10.6485	0.93%
Dec	2020	10.7377	10.3772	10.6011	10.5507	-0.48%
Nov	2020	10.9085	10.5234	10.8720	10.6043	-2.46%
Oct	2020	11.1224	10.7394	11.0188	10.8404	-1.62%
Sep	2020	11.2718	10.9964	11.1890	11.0181	-1.53%
Aug	2020	11.3191	11.0582	11.2855	11.1904	-0.84%
Jul	2020	11.4287	11.0722	11.1839	11.2742	0.81%
Jun	2020	11.4079	10.9331	11.3604	11.1828	-1.56%
May	2020	11.5989	11.2251	11.4641	11.3623	-0.89%
Apr	2020	11.5830	11.0810	11.5346	11.4554	-0.69%
Mar	2020	11.8766	10.9493	11.1748	11.5329	3.20%
Feb	2020	11.2170	10.6867	11.0282	11.1053	0.70%
Jan	2020	11.0641	10.4404	10.5806	11.0337	4.28%
Dec	2019	11.0260	10.3248	10.7885	10.6199	-1.56%
Nov	2019	10.8767	10.5286	10.7594	10.7918	0.30%
Oct	2019	11.2935	10.6642	11.1665	10.7649	-3.60%
Sep	2019	11.4865	10.8770	11.4145	11.1645	-2.19%
Aug	2019	11.6460	11.1080	11.1395	11.4215	2.53%
Jul	2019	11.1635	10.7035	10.7055	11.1375	4.04%
Jun	2019	10.9908	10.6395	10.9785	10.7055	-2.49%
May	2019	10.9826	10.4052	10.4626	10.9778	4.92%
Apr	2019	10.5034	10.0956	10.1776	10.4631	2.81%
Mar	2019	10.3729	10.0355	10.0764	10.1775	1.00%
Feb	2019	10.2683	10.0326	10.2232	10.0765	-1.43%
Jan	2019	10.7197	10.1414	10.1545	10.2222	0.67%
Dec	2018	10.2362	9.75090	9.84282	10.1426	3.05%
Nov	2018	10.1402	9.76435	10.0102	9.86560	-1.44%
Oct	2018	10.2683	9.75680	9.76675	10.0110	2.50%
Sep	2018	10.2431	9.73110	10.0454	9.76710	-2.77%
Aug	2018	10.3183	9.91235	10.0253	10.0456	0.20%
Jul	2018	10.2886	9.89771	10.0912	10.0245	-0.66%
Jun	2018	10.2227	9.67135	9.79482	10.0914	3.03%
May	2018	10.0399	9.66610	9.81405	9.78700	-0.28%
Apr	2018	10.0538	9.74260	9.98259	9.77470	-2.08%
Mar	2018	10.4232	9.92100	10.1921	9.99106	-1.97%
Feb	2018	10.2153	9.78550	9.78840	10.1923	4.13%
Jan	2018	9.88680	9.36200	9.46660	9.78860	3.40%
Dec	2017	9.77670	9.44950	9.65090	9.46580	-1.92%
Nov	2017	9.89390	9.60930	9.73720	9.64910	-0.90%
Oct	2017	10.1984	9.72960	10.1808	9.73760	-4.35%
Sep	2017	11.0915	10.0485	10.1774	10.1839	0.06%
Aug	2017	10.5364	10.1264	10.1587	10.1749	0.16%
Jul	2017	10.2393	9.96590	10.1902	10.1594	-0.30%
Jun	2017	10.3233	10.0280	10.0761	10.1921	1.15%
May	2017	10.2687	9.80460	10.1722	10.0763	-0.94%
Apr	2017	10.5690	9.98310	10.0278	10.1721	1.44%
Mar	2017	10.1799	9.87640	10.0262	10.0338	0.08%
Feb	2017	10.2609	9.92340	10.1878	10.0256	-1.59%
Jan	2017	10.4189	10.1225	10.3186	10.1871	-1.27%
Dec	2016	10.4141	9.95229	10.2370	10.3225	0.84%
Nov	2016	11.4282	10.1790	11.0141	10.2325	-7.10%
Oct	2016	11.0620	10.6679	10.8871	11.0114	1.14%
Sep	2016	11.2127	10.6453	10.8343	10.8751	0.38%
Aug	2016	11.2324	10.7539	10.8321	10.8350	0.03%
Jul	2016	11.6190	10.5850	11.2022	10.8321	-3.30%
Jun	2016	11.8003	10.6735	10.9208	11.2167	2.71%
May	2016	11.0642	10.6017	10.7736	10.9127	1.29%
Apr	2016	10.7963	10.2328	10.2808	10.7736	4.79%
Mar	2016	10.8607	10.0905	10.7838	10.2745	-4.72%
Feb	2016	11.1310	9.91191	9.94169	10.7837	8.47%
Jan	2016	10.4902	9.76476	9.77953	9.94037	1.64%
Dec	2015	9.95343	9.14538	9.40425	9.74598	3.63%
Nov	2015	9.66096	9.23104	9.46069	9.40579	-0.58%
Oct	2015	9.97638	9.28154	9.83396	9.45741	-3.83%
Sep	2015	10.1648	9.59037	9.87978	9.83438	-0.46%
Aug	2015	10.3690	9.25934	9.41802	9.88020	4.91%
Jul	2015	9.51930	9.03230	9.13232	9.41846	3.13%
Jun	2015	9.33122	8.86228	8.94598	9.13121	2.07%
May	2015	9.23487	8.86755	8.98262	8.94571	-0.41%
Apr	2015	9.21490	8.87828	9.17777	8.98532	-2.10%
Mar	2015	9.40592	9.09611	9.19722	9.17585	-0.23%
Feb	2015	9.43654	9.13107	9.42951	9.20377	-2.39%
Jan	2015	9.43386	9.07925	9.13443	9.38416	2.73%
Dec	2014	9.40469	9.06534	9.35473	9.12871	-2.42%
Nov	2014	9.57045	9.33312	9.50729	9.35473	-1.60%
Oct	2014	10.1757	9.51032	9.74471	9.55690	-1.93%
Sep	2014	9.90311	9.42969	9.71182	9.73976	0.29%
Aug	2014	10.2353	9.62033	10.1176	9.70977	-4.03%
Jul	2014	10.2283	9.85844	9.95731	10.1112	1.55%
Jun	2014	10.0709	9.88518	10.0262	9.95195	-0.74%
May	2014	10.1912	9.97382	10.0962	10.0241	-0.71%
Apr	2014	10.3902	9.97862	10.2113	10.1007	-1.08%
Mar	2014	10.6166	10.1834	10.5087	10.2074	-2.87%
Feb	2014	10.7884	10.3252	10.5941	10.4703	-1.17%
Jan	2014	10.6485	9.96202	10.0278	10.5956	5.66%
Dec	2013	10.4349	9.93804	10.3266	10.0270	-2.90%
Nov	2013	10.8960	10.3192	10.7509	10.3310	-3.91%
Oct	2013	11.1275	10.7313	10.9474	10.7509	-1.79%
Sep	2013	11.2937	10.7630	11.2937	10.9548	-3.00%
Aug	2013	11.5991	11.2391	11.3093	11.3039	-0.05%
Jul	2013	11.5061	11.1047	11.3916	11.2917	-0.88%
Jun	2013	12.0733	11.1189	11.2517	11.3830	1.17%
May	2013	11.3505	10.7829	11.3103	11.2496	-0.54%
Apr	2013	12.1220	11.1499	11.9442	11.2959	-5.43%
Mar	2013	12.0464	11.3147	11.6387	11.9284	2.49%
Feb	2013	12.0380	11.4975	11.7669	11.6387	-1.09%
Jan	2013	12.3078	11.7054	12.2662	11.7669	-4.07%
Dec	2012	13.2705	12.2478	13.1415	12.2662	-6.66%
Nov	2012	13.8090	13.0761	13.6314	13.1234	-3.73%
Oct	2012	14.3116	13.5924	14.2868	13.6314	-4.59%
Sep	2012	14.5965	14.0760	14.4550	14.2943	-1.11%
Aug	2012	14.5649	14.2072	14.3745	14.4776	0.72%
Jul	2012	14.7736	14.1577	14.2602	14.3664	0.74%
Jun	2012	15.1701	14.2707	15.1014	14.3517	-4.96%
May	2012	15.2417	13.9993	14.1161	15.1309	7.19%
Apr	2012	14.2296	13.5368	13.6619	14.1215	3.36%
Mar	2012	14.0083	13.3987	13.7528	13.6615	-0.66%
Feb	2012	14.7529	13.7283	14.6953	13.7528	-6.41%
Jan	2012	15.1556	14.4057	15.0153	14.6953	-2.13%
Dec	2011	15.1336	14.3941	14.5753	15.0785	3.45%
Nov	2011	15.0785	14.1898	14.3214	14.5753	1.77%
Oct	2011	15.7563	13.9071	15.3039	14.3214	-6.42%
Sep	2011	15.7199	13.7315	13.8368	15.3654	11.05%
Aug	2011	14.2883	13.1885	13.5313	13.8280	2.19%
Jul	2011	13.7548	12.9224	13.2030	13.5268	2.45%
Jun	2011	13.7422	13.0249	13.3972	13.1699	-1.70%
May	2011	13.6563	13.0448	13.1690	13.4117	1.84%
Apr	2011	13.3054	12.6716	12.9468	13.1537	1.60%
Mar	2011	14.7633	12.8730	13.7350	12.9433	-5.76%
Feb	2011	13.9152	13.3131	13.6895	13.7350	0.33%
Jan	2011	13.9126	13.3389	13.7737	13.6895	-0.61%
Dec	2010	14.0532	13.4269	13.6481	13.8157	1.23%
Nov	2010	14.0889	13.4204	13.8840	13.6481	-1.70%
Oct	2010	14.0206	13.4223	13.5159	13.8866	2.74%
Sep	2010	14.1596	13.5043	13.9299	13.5718	-2.57%
Aug	2010	14.3199	13.4714	13.6714	14.0258	2.59%
Jul	2010	14.1442	13.4149	13.9919	13.6856	-2.19%
Jun	2010	14.1164	12.8440	13.3370	13.9880	4.88%
May	2010	14.1873	11.7202	11.7861	13.3708	13.45%
Apr	2010	12.2060	11.7055	12.0033	11.8120	-1.59%
Mar	2010	12.9896	11.9679	12.9420	11.9898	-7.36%